$ 1 4.9999999999999996E-6 10.20027730826997 45 5.0 50
w 288 176 288 224 0
w 288 224 224 224 0
w 224 192 224 224 0
w 352 160 352 128 1
w 224 160 224 128 1
R 352 80 352 32 0 0 28.0 5.0 0.0 0.0 0.5
g 192 416 192 448 0
r 224 416 224 368 0 52.5
w 160 416 192 416 0
w 192 416 224 416 0
t 160 352 224 352 0 1 0.6009171341189261 0.6539930146084585 100.0
z 160 416 160 352 1 0.805904783 4.7
r 160 352 160 288 0 2000.0
w 224 224 224 272 1
g 352 416 352 448 0
w 160 288 160 80 0
w 352 192 352 224 0
R 160 80 160 32 0 0 40.0 5.0 0.0 0.0 0.5
w 352 224 352 272 1
w 224 80 352 80 0
x 18 350 138 353 0 12 constant current sink
f 288 176 352 176 1 2.0
f 288 176 224 176 1 2.0
s 224 272 224 336 0 0 false
r 224 80 224 128 0 20.0
r 352 80 352 128 0 20.0
w 352 368 352 416 0
w 352 272 352 304 0
t 528 336 480 336 0 1 -4.794394423281168 0.11594989405526021 100.0
w 416 304 480 304 0
w 352 304 416 304 0
w 416 368 352 368 0
w 416 368 480 368 0
R 528 192 528 144 0 0 40.0 5.0 0.0 0.0 0.5
w 528 192 528 224 1
162 528 224 528 288 1 3.42 1.0 0.0 0.0
w 480 304 480 320 0
w 480 352 480 368 0
w 528 368 480 368 0
w 528 320 528 336 0
f 480 304 528 304 0 1.97
r 528 336 528 368 0 1.7
x 563 346 619 349 0 12 led driver
r 352 304 352 368 0 2660.0
o 21 64 0 35 0.625 0.0125 0 -1
