$ 1 5.0E-6 11.086722712598126 50 5.0 50
w 320 272 320 224 0
w 320 224 240 224 0
w 240 224 240 256 0
g 400 400 400 432 0
R 240 96 240 64 0 0 40.0 5.0 0.0 0.0 0.5
R 400 96 400 64 0 0 40.0 5.0 0.0 0.0 0.5
w 400 256 400 224 0
r 400 96 400 224 0 100.0
w 400 96 448 96 0
w 400 224 448 224 0
s 448 96 448 224 0 1 false
w 240 224 192 224 0
w 240 96 192 96 0
r 240 96 240 224 0 500.0
r 192 96 192 160 0 100.0
s 192 160 192 224 0 1 false
g 240 400 240 432 0
w 400 368 400 400 1
t 320 272 400 272 0 1 -2.935688218888983 0.6251085323182969 100.0
t 320 272 240 272 0 1 0.0 0.625108532318464 100.0
r 400 368 400 320 0 100.0
r 240 320 240 368 0 100.0
w 240 288 240 320 0
w 400 288 400 320 0
w 240 368 240 400 0
