$ 1 5.0E-6 10.20027730826997 50 5.0 50
t 320 272 256 272 0 -1 0.0 6.861813900161501 500.0
t 320 272 384 272 0 -1 11.8618139001615 -0.1381860747384991 500.0
w 320 272 320 320 0
w 320 320 256 320 0
w 256 288 256 320 0
w 384 288 384 320 1
w 384 256 384 224 1
w 256 256 256 224 1
w 384 448 384 480 1
R 256 128 256 80 0 0 40.0 5.0 0.0 0.0 0.5
g 384 480 384 496 0
R 384 128 384 80 0 0 40.0 12.0 0.0 0.0 0.5
r 256 176 256 224 0 1000.0
r 384 176 384 224 0 1000.0
w 256 128 256 176 0
s 384 128 384 176 0 0 false
w 384 320 384 384 0
g 224 464 224 496 0
r 256 464 256 416 0 132.0
w 192 464 224 464 0
w 224 464 256 464 0
t 192 400 256 400 0 1 0.5853557379127681 0.5856044961840804 100.0
z 192 464 192 400 1 0.805904783 3.3
r 192 400 192 336 0 5700.0
w 256 128 192 128 0
w 192 128 192 336 0
w 384 384 384 448 0
s 256 320 256 384 0 1 true
