$ 1 4.9999999999999996E-6 10.20027730826997 45 5.0 50
w 480 176 480 224 0
w 480 224 416 224 0
w 416 192 416 224 0
w 544 160 544 128 1
w 416 160 416 128 1
R 544 80 544 32 0 0 28.0 12.0 0.0 0.0 0.5
g 384 416 384 448 0
r 416 416 416 368 0 190.0
w 352 416 384 416 0
w 384 416 416 416 0
t 352 352 416 352 0 1 0.5352473242007765 0.6500140166462094 100.0
z 352 416 352 352 1 0.805904783 4.7
r 352 352 352 288 0 2000.0
w 416 224 416 272 1
g 544 416 544 448 0
w 352 288 352 80 0
w 544 192 544 224 0
R 352 80 352 32 0 0 40.0 5.0 0.0 0.0 0.5
w 544 224 544 272 1
w 416 80 544 80 0
x 210 350 330 353 0 12 constant current sink
f 480 176 544 176 1 2.0
f 480 176 416 176 1 2.0
s 416 272 416 336 0 0 false
162 544 336 544 368 1 3.42 0.0 0.0 1.0
r 416 80 416 128 0 250.0
r 544 80 544 128 0 1.0
w 544 368 544 416 0
162 544 304 544 336 1 3.42 0.0 0.0 1.0
w 544 272 544 304 0
o 21 64 0 35 10.0 0.8 0 -1
