$ 1 4.9999999999999996E-6 0.48711659992454737 40 5.0 50
t 304 176 240 176 0 -1 0.0 -0.6385308571930999 300.0
t 304 176 368 176 0 -1 -0.6475641294781811 -0.6505933023220001 300.0
w 304 176 304 224 0
w 304 224 240 224 0
w 240 192 240 224 0
w 368 160 368 128 1
w 240 160 240 128 1
R 368 80 368 32 0 0 40.0 5.0 0.0 0.0 0.5
g 208 416 208 448 0
r 240 416 240 368 0 175.0
w 176 416 208 416 0
w 208 416 240 416 0
t 176 352 240 352 0 1 0.1822033475610425 0.6523813126538882 100.0
z 176 416 176 352 1 0.805904783 4.7
r 176 352 176 288 0 2000.0
w 240 224 240 272 1
g 368 416 368 448 0
w 176 288 176 80 0
R 176 80 176 32 0 0 40.0 5.0 0.0 0.0 0.5
w 240 80 368 80 0
r 240 80 240 128 0 10.0
r 368 80 368 128 0 10.0
x 579 346 635 349 0 12 led driver
x 34 350 154 353 0 12 constant current sink
r 544 336 544 368 0 1.7
f 496 304 544 304 0 1.97
w 544 320 544 336 0
w 544 368 496 368 0
w 496 352 496 368 0
w 496 304 496 320 0
162 544 224 544 288 1 3.42 1.0 0.0 0.0
w 544 192 544 224 1
R 544 192 544 144 0 0 40.0 5.0 0.0 0.0 0.5
w 368 192 368 224 0
w 432 368 496 368 0
w 432 368 368 368 0
w 432 304 496 304 0
w 368 224 368 272 1
r 368 304 368 368 0 2200.0
t 544 336 496 336 0 1 -4.7706880919096255 0.1146307044906468 100.0
s 240 272 240 336 0 0 false
r 368 304 432 304 0 100000.0
w 368 416 368 368 0
w 368 272 368 304 0
o 1 64 6 35 0.3125 9.765625E-5 0 -1
