$ 1 4.9999999999999996E-6 10.20027730826997 45 5.0 50
R 368 80 368 32 0 0 28.0 5.0 0.0 0.0 0.5
g 208 416 208 448 0
r 240 416 240 368 0 1.0
w 176 416 208 416 0
w 208 416 240 416 0
t 176 352 240 352 0 1 0.6120517994981797 0.6123005577695032 100.0
z 176 416 176 352 1 0.805904783 4.7
r 176 352 176 288 0 2000.0
w 240 224 240 272 1
g 368 416 368 448 0
w 176 288 176 80 0
R 176 80 176 32 0 0 40.0 5.0 0.0 0.0 0.5
x 34 350 154 353 0 12 constant current sink
s 240 272 240 336 0 1 false
w 368 368 368 416 0
t 544 336 496 336 0 1 -4.850429841227891 0.14934387392140056 100.0
w 432 368 368 368 0
w 432 368 496 368 0
R 544 192 544 144 0 0 40.0 12.0 0.0 0.0 0.5
w 544 192 544 224 1
162 544 224 544 288 1 3.42 1.0 0.0 0.0
w 496 304 496 320 0
w 496 352 496 368 0
w 544 368 496 368 0
w 544 320 544 336 0
f 496 304 544 304 0 1.97
r 544 336 544 368 0 1.8
x 579 346 635 349 0 12 led driver
t 304 224 368 224 0 -1 -0.6484125380567178 -0.6486387839976713 110.0
r 240 224 304 224 0 1000.0
r 304 224 304 160 0 1000.0
w 304 160 368 160 0
w 368 160 368 208 0
w 368 160 368 80 0
w 368 240 368 304 0
w 368 304 384 304 0
r 384 304 464 304 0 1000.0
w 464 304 496 304 0
i 288 336 288 416 0 0.01
g 288 416 288 448 0
s 288 272 288 336 0 0 false
w 240 272 288 272 0
