$ 1 5.0E-6 1.4391916095149893 50 5.0 50
c 128 192 176 192 0 1.0E-7 0.8024279523860464
c 176 192 224 192 0 1.0E-7 -0.01225435566499708
c 224 192 272 192 0 1.0E-7 -0.4004446733581534
r 272 192 352 192 0 47000.0
r 416 192 416 128 0 600.0
R 416 128 416 64 0 0 40.0 5.0 0.0 0.0 0.5
w 416 192 352 192 0
w 272 192 272 240 0
t 368 240 416 240 0 1 -0.3897289233628959 0.6213172668773516 100.0
w 272 240 368 240 0
w 416 192 416 224 0
w 416 256 416 320 0
r 224 192 224 320 0 1000.0
r 176 192 176 320 0 1000.0
w 128 192 128 400 0
w 128 400 448 400 0
w 448 400 448 192 0
w 448 192 416 192 0
w 224 320 416 320 0
w 176 320 224 320 0
g 416 320 416 352 0
w 448 192 512 192 0
g 592 320 592 352 0
R 720 128 720 64 0 0 40.0 5.0 0.0 0.0 0.5
t 656 192 720 192 0 1 -4.443799718789675 0.5562002812103246 100.0
w 720 128 720 176 0
g 720 304 720 352 0
w 720 208 720 304 0
w 592 192 512 192 0
r 592 192 656 192 0 100000.0
o 21 8 0 34 5.0 9.765625E-5 0 -1
o 27 64 0 35 7.62939453125E-5 0.05 1 -1
