$ 1 5.0E-6 1.2700821376227165 38 5.0 50
c 128 160 176 160 0 1.0E-7 1.5388057049162427
c 176 160 224 160 0 1.0E-7 -0.539807881353063
c 224 160 272 160 0 1.0E-7 -0.706281323750369
r 272 160 352 160 0 47000.0
r 416 160 416 96 0 600.0
R 416 96 416 32 0 0 40.0 5.0 0.0 0.0 0.5
w 416 160 352 160 0
w 272 160 272 208 0
t 368 208 416 208 0 1 -0.2927164998128108 0.6270263612257393 100.0
w 272 208 368 208 0
w 416 160 416 192 0
r 224 160 224 288 0 1000.0
r 176 160 176 288 0 1000.0
w 448 160 416 160 0
w 224 288 416 288 0
w 176 288 224 288 0
g 416 288 416 320 0
c 512 352 576 352 0 4.7E-5 1.6428582946246153
g 576 416 576 432 0
r 576 352 576 400 0 1500.0
w 416 224 416 288 0
t 576 352 640 352 0 1 -4.270434561259173 0.617062973735116 250.0
g 640 416 640 432 0
d 640 272 640 336 1 0.805904783
d 640 208 640 272 1 0.805904783
w 448 160 448 288 0
w 448 288 448 352 0
w 128 160 128 352 0
w 128 352 448 352 0
r 640 368 640 416 0 22.0
w 576 400 576 416 0
r 448 352 512 352 0 4700.0
r 576 352 576 240 0 5600.0
w 576 240 720 240 0
r 720 240 720 320 0 3.3
t 640 336 720 336 0 -1 5.002817488424022 -0.31495463264121515 250.0
g 720 352 720 432 0
t 640 144 720 144 0 1 -2.6481269108916186 0.6916979193228077 250.0
r 720 160 720 240 0 3.3
w 640 144 640 208 0
R 640 96 640 32 0 0 40.0 9.0 0.0 0.0 0.5
r 640 96 640 144 0 470.0
w 640 96 720 96 0
w 720 96 720 128 0
c 720 240 816 240 0 0.0010 4.494255251617914
w 816 272 784 272 0
g 784 272 784 432 0
r 816 240 816 272 0 8.0
o 13 4 0 35 5.0 0.00625 0 -1
o 47 4 0 291 10.0 0.8 1 -1
o 33 4 0 291 20.0 0.003125 2 -1
